phi = 6.201058922026488
z   = 0.794514543704236
pT2 = 45.535321605158728
