phi  = 2.401170041948844
z    = 0.702021567249402
pT2  = 3.338342106301244
side = 2
